-1.263078743688259564e-01
-1.231805908425244456e-02
-2.416072362887331515e-01
5.900460935965167603e-02
-1.795606532731504335e-01
5.834808813079866985e-02
-2.311136129802460193e-01
-7.679892551937553616e-03
-1.044807496408765024e-01
-2.944130780916883253e-02
6.597740447763066063e-02
2.570171031626407310e-02
-7.714816181413071405e-02
-9.193113162417609896e-02
1.323820926104896656e-01
-1.053532833043852035e-02
7.453390496883459393e-02
3.233401648196084638e-02
-4.889191638112851818e-02
2.117510736037415877e-03
2.579995158302791913e-02
-1.255703980559461641e-01
1.771509745487772139e-02
4.888624587518371895e-02
3.450860357526326638e-02
-2.315675375282980064e-01
1.258965404202660454e-01
3.541456046431854139e-03
-3.604979269140827502e-02
-1.091105030424833339e-02
7.570751409473804039e-02
-6.349300685796115118e-02
-8.790836198484926201e-03
4.562907952395178768e-02
2.334225808101754174e-01
-1.156256951350157630e-02
7.372675353940563725e-02
1.423397198700626365e-01
1.576990977168041264e-04
-4.052406242748176311e-03
-7.759789142446722743e-02
-2.007146450296551712e-02
3.727876630500555344e-02
1.004622090212974918e-02
-1.512220939963448973e-01
-8.872062250142215278e-02
-2.744376976134415072e-02
-9.332530930905952316e-02
2.453593084854161985e-02
-1.966730126193555472e-01
1.725687690980891049e-03
-2.480147354269767943e-02
2.573859643308164524e-01
-9.419257403210458401e-02
-5.453024818338845364e-02
1.287442432637937451e-01
1.758177281739220499e-01
5.372810781389927848e-02
-5.604752047528691050e-02
-3.364735433324760180e-04
-6.476693229959685355e-03
1.082462073308335937e-01
1.307449980987543392e-01
6.925827034166129326e-02
5.689967872938933580e-02
7.243793341464531410e-02
-2.420326318855576912e-03
1.548927328636073020e-01
1.153534342121337319e-01
4.994699140026620521e-02
-1.172077133189880771e-01
-4.420703566868788154e-02
-2.671327206678441035e-01
-6.407072797108402662e-02
1.514443971642829949e-02
-7.353815710527815408e-02
-6.995310383143774069e-02
-6.255417741557593725e-02
5.071621835444653503e-02
3.235132718463634011e-02
-4.167817339343673350e-02
5.295586942919069950e-02
1.239280423271055809e-01
-9.274749942706861025e-03
2.358094255580455156e-01
1.873358972790627464e-01
-1.147202911458578972e-01
-8.039252550991862756e-02
-9.111670200894239624e-02
-1.123140443177780140e-01
-5.665293858640962216e-02
-2.658085591385999091e-01
7.169987029862767702e-02
-3.361760154217232482e-02
-6.834142757531457002e-02
-8.840259429385882370e-03
3.091529266266272030e-02
9.567924130798391436e-03
1.210618072420002467e-01
-6.118888377040024307e-02
5.764547164913542965e-02
-1.685462847118744667e-01
1.707722449223494227e-02
-2.434888089792358601e-02
-8.333632087836126412e-02
-2.613791615812112723e-01
1.209197833455414178e-01
-9.722090926348658790e-02
7.515695417383095288e-03
1.357732224376216601e-01
-4.495481880890227211e-02
-6.680016786960457642e-02
-1.262422230831552084e-04
3.589043636485596267e-02
9.159718917463771648e-02
1.295049177848715538e-01
-1.187187710155694353e-01
1.764201189888190552e-02
5.885483513729831279e-02
2.702171203277460854e-01
-6.011004470806330380e-02
1.025557518676623037e-02
1.484486037975978751e-02
4.734044425376426196e-02
-2.110497196582758559e-03
-2.803741766840656818e-02
-1.655579638897038686e-01
-1.023307562764203954e-01
-4.289935669920236921e-02
5.940524317066709671e-03
-2.193117169457919902e-02
7.648851977940482327e-02
1.493708455405993313e-02
-3.790369017504865295e-02
3.875423699033642144e-02
-1.330465082680884203e-01
-1.100368224118154249e-02
-9.804388109251899186e-02
1.490395184586733035e-01
2.505016531805175084e-02
-4.902445151317585958e-02
-1.962199875042144326e-01
9.741885686821061263e-02
-3.099629187341046421e-02
1.031223895801952964e-02
-1.017417152737899733e-01
-2.560647846611431577e-02
1.408281798929854611e-01
9.293263504326941538e-02
3.297260036824433554e-02
2.104754344513102421e-02
5.873195214983156082e-02
-1.129615809314303693e-01
3.280002273090690951e-02
4.388765221359101215e-02
2.897532684887894200e-02
5.978895479935817520e-02
8.136868815347034212e-02
-9.636253638771004326e-02
1.240056270015918172e-01
-3.242498810200077769e-02
-3.518295647962371014e-02
9.273437415388618987e-02
-3.100382902476305283e-02
-5.644371602710070157e-02
1.385921804938508861e-01
1.371392336847483129e-01
-1.526946474289327810e-02
-1.621782709062219996e-01
-1.070318636690503339e-01
1.951478915880662524e-02
5.165737798671628939e-03
6.891827895431877626e-02
7.502850408938142174e-03
2.535161230280772587e-02
-1.189800026305426472e-01
-1.933933947515824314e-01
-8.454365305424487928e-03
3.903940935880578084e-02
1.762311033720942444e-02
-4.018308498901831949e-02
-6.507244135684356334e-02
-9.885677142409515783e-02
1.051532865238453268e-01
-1.031399825567691324e-02
1.680288107869297443e-02
4.207126625191124486e-02
-8.797730296351996548e-02
-6.581871929981343572e-02
1.209829977306860378e-03
-2.531270993471305616e-03
-1.602695445857600376e-01
-9.643084582802452509e-02
-1.890664760009195394e-02
-1.988695193604765321e-01
3.349978955032570371e-02
-1.074116097117466806e-01
-1.128729878916594348e-01
-4.093615827920780645e-03
1.341309656567746533e-01
3.709567497967015265e-02
-1.130890238684618965e-01
2.735860530831476720e-02
-5.112803631858399422e-02
-9.053801582528397951e-02
3.493571655587154445e-03
-1.084008274933469240e-01
-5.063084628499834455e-02
-1.931207065851588411e-01
-1.387075448948118239e-01
-5.126364666378270540e-02
-6.497652997698884474e-04
2.156795249521812133e-02
-6.808214041164414865e-02
3.239929916927041659e-02
-2.760559829067955190e-02
6.472190500013912107e-02
-2.389221448908179085e-02
-1.613762771289542833e-02
3.065107657377898198e-02
-1.122541884247471033e-01
1.326212319131297723e-01
-9.088961522567602647e-02
1.459446397773311865e-02
-1.519369560319916261e-02
9.566882679747507057e-03
3.567489193820613802e-02
-1.139841376795957401e-02
4.982192766016160790e-02
1.735659872884174615e-01
1.505317563744486102e-02
-3.595473842677077841e-02
3.447987368373513911e-02
-7.030691753620775530e-02
-3.161704064604155262e-02
2.127143837726915843e-01
3.876467377589927488e-02
1.274201536985173078e-01
-1.694122592645810332e-01
3.231265183371120897e-02
2.251067541377445580e-01
-4.828545352636545024e-03
-9.209389962908659522e-02
1.550045062202866364e-02
-5.554293058297916919e-02
1.081235120113006459e-01
7.105085494130221335e-02
-4.828911764297585257e-02
2.571007168803737634e-03
-3.361014299969240088e-02
-1.120674560150081434e-01
9.880403579107112366e-03
-1.558419244947528703e-01
6.795671627265172619e-03
-9.511281934914124492e-02
-2.251111987644531798e-01
-1.284696488075622312e-01
-2.278064177677973159e-02
9.073438352353983827e-02
7.589456533312477493e-02
1.120953671630754885e-02
9.328225213450046585e-03
4.194465161736465018e-03
-4.238723018456300173e-02
1.903491739365085686e-02
9.267819037820775041e-02
-2.754497376229012723e-02
2.137696326251135037e-01
1.329499766070360300e-01
-1.274526049074601042e-01
-6.486990400385669875e-02
1.158347129008786142e-01
-1.470657792072793124e-01
1.184855205093690057e-02
1.839915128219289930e-01
2.781719145148240924e-01
-5.092839029166549430e-02
1.570318901304758319e-02
-7.384186295752181994e-02
9.595450609407334130e-02
-6.339807202289574062e-02
-1.013187965575641503e-01
-1.048932745939029076e-01
2.021689451783442171e-01
-1.564061687072071938e-01
-1.040202447987470386e-01
5.676016469819892413e-02
-1.045689895644323769e-01
1.270420685818890449e-01
-1.944255465819871159e-02
9.109031329768386975e-02
6.948063466040947656e-02
-2.406761982512110043e-01
-1.934086371463303589e-01
8.532081424169735140e-02
9.169603867725671653e-02
-5.184962326439336577e-02
8.435298699513716844e-03
2.279762832254481342e-01
2.761133541450251985e-02
2.078441970822173315e-02
3.438498651383450205e-02
1.639499083975195226e-01
-1.913795292252850055e-01
1.748554870697210106e-01
8.268967727800462242e-02
4.257795442489109572e-02
-7.494712394406016776e-02
2.048004800815582671e-01
2.148677682861029059e-02
-1.380002714185332192e-02
1.473923447755531857e-01
-1.694718742821260948e-01
5.835931453310830297e-02
-1.695302987776303172e-01
4.503746628144244396e-02
4.282355974092047317e-03
-4.404481087192764488e-02
5.661704070884196471e-02
9.112666328296253893e-02
-8.379165127327732610e-02
-9.406319998757349185e-03
6.201801343882347439e-02
1.699776839303566434e-01
-2.419382346546919763e-02
2.279223314301471737e-01
-1.707907192493425541e-03
1.004448384726244065e-01
1.425961791289901137e-01
4.949088915424995627e-02
1.007279132566939323e-01
-1.354697046918199033e-02
1.133527396160946554e-01
1.671039290702071578e-01
6.685028305596552034e-02
-7.269027577566382348e-02
-8.878537700306711467e-02
5.877688043960260789e-02
1.401595317994044632e-01
-1.287172941844857803e-02
1.850183855778293751e-02
-1.267608701036390395e-01
-1.424865073062608900e-02
-5.999326351454464801e-02
3.271351139597029195e-02
-7.585222794749948982e-03
-1.442475122848943803e-01
1.697570478434389241e-01
-2.516678917181748923e-02
7.036767267797161551e-02
-9.096765779517640427e-02
6.017115926709627749e-02
9.463108134423689477e-02
4.350823220538232311e-02
-1.421147648341404557e-01
-2.544445398780487838e-02
1.081582118242115365e-01
-5.145131106171220089e-03
-1.288814140158827948e-01
2.193842116138081944e-01
-1.140332356916516354e-01
2.323130054136566813e-01
-7.206549553057199631e-02
-5.864767788790747199e-02
-1.074288580844371260e-01
-9.925927068062567749e-02
2.172416349014536507e-01
-1.447681764166199592e-01
1.473462271430325821e-01
2.246851364575238597e-01
-2.118654224405769337e-01
-8.787841818730986188e-02
-2.471576085111684695e-02
2.400000478028379569e-01
9.152632151199240063e-02
1.173689156065518546e-01
-5.444716340314634251e-02
3.657742455893060046e-02
1.725111163118065935e-02
7.417435044504631925e-02
5.073120930188984579e-02
-1.012600515354134256e-01
-1.008150910579385662e-01
5.933264824939117610e-02
-2.423236193533500477e-02
-4.716576362711136922e-02
-5.287564692327106214e-02
-5.243133516423543333e-03
-2.061705252427681323e-01
-1.181515107901336958e-01
9.562036834808015570e-03
1.818870434778561279e-02
-8.046767240838156865e-02
2.234011744948713116e-02
1.182257348569248356e-01
8.792124018598584945e-02
-7.287156083246967841e-02
-7.024758445205374346e-02
-5.570752171943860187e-02
-4.179766079813231235e-03
-3.268700428533682922e-02
-2.004189347075895772e-03
-1.054344298309497080e-01
-1.031476898822766136e-01
4.282661142966066176e-02
2.220272618617440824e-02
-2.097539190863540251e-02
-2.420417832990565954e-01
7.681527664234340767e-03
-3.156963768040654816e-02
-1.472282423538283369e-01
-2.468720804316578560e-02
1.049508846134287743e-01
2.782537049023738399e-02
7.408628883672918608e-02
-8.904351305137780948e-02
-3.494727586999363256e-02
-1.111984143561040583e-01
-3.484765587346132926e-02
-1.702223861649836689e-01
-5.675798486814695454e-02
1.104896130515020496e-02
2.048783348615740697e-04
-4.153334961395173386e-02
1.044672262123193945e-01
-2.902158663561670363e-02
-6.448714763370609615e-02
2.104113787183146123e-01
-2.714467189809764008e-02
4.298858679700310811e-03
2.159929740182405314e-02
8.145344769768018967e-02
3.777092755882558578e-02
7.618061732533425168e-02
1.276003321408185343e-01
2.903548212946688994e-02
1.833566868253195398e-02
4.583546928131343456e-02
-2.056406550444374315e-02
-1.448238666113954298e-01
-4.784146619358038005e-02
-3.907448821365553521e-02
-3.138091401779766892e-02
2.978049461460504851e-02
5.103931606552852135e-02
-1.362798221774976226e-01
-1.948787706307123641e-02
1.034382636865487370e-01
-2.478533536557995520e-01
-4.799253321778897824e-02
-2.224033031570459354e-02
1.091809401933136608e-01
-3.485781321778350789e-02
1.987028259316438727e-01
-8.707365473390632493e-02
4.558809129218447526e-02
4.728372609881068001e-02
-8.092785684297992832e-02
-2.735635447425638911e-01
6.500158168813309489e-02
1.160454992665502366e-01
1.074061473361202501e-01
3.433990201573439843e-02
-3.588276867963307443e-02
3.407630308035079075e-02
-1.421535221153918949e-01
-6.059393951663617772e-02
-1.079012476613767056e-02
1.669254762784884161e-01
-1.153723241380520126e-01
-1.356072824017248435e-01
-2.843284189067648779e-02
-3.268878589018890668e-02
1.782506447340271791e-02
8.829641569404018953e-02
1.126428513542976351e-01
-1.007012418005435866e-01
2.751538867459898605e-02
-9.889736376672426943e-02
1.396847076619417982e-01
-7.245748813808046418e-02
-1.642229457838193518e-01
-9.311648051239779234e-02
-1.499556471905283961e-01
-1.219495595675297306e-01
-2.031246514899535602e-02
-5.155387374876785334e-02
4.216873129253401881e-02
1.077292806159338770e-02
1.228629257446945955e-01
-4.460247436155193035e-02
-4.447213687690438656e-03
1.972301615395981589e-01
8.852975021619302609e-02
3.357574922146172591e-02
9.362173889069927424e-02
-2.198193754502784925e-02
3.776887039081409242e-02
-6.190039566620162553e-02
-5.342628135812065027e-03
-1.051226358022660928e-01
1.498567380863894960e-01
-1.629033445349810927e-01
-3.478091171748239757e-02
8.359220340889450540e-02
2.055449165720014959e-01
-6.769534166456354918e-02
-8.466214801894866165e-03
-3.069637870656371278e-03
2.081948977035726900e-01
5.863020332204898349e-02
2.663036816233400883e-02
1.115362120973945326e-01
1.001435705078724397e-01
7.054949454215002358e-02
-3.552594501289062928e-02
2.166201489754245729e-02
1.389970035570415319e-01
8.552061535560559133e-03
-1.057297459577430099e-01
-1.127592233168382974e-01
9.032011042257437339e-02
1.025079732802237908e-01
4.751452198870004945e-02
-1.185173389545086109e-01
-1.008883899421177816e-01
-1.150767537823846887e-01
-1.635380147902895306e-02
-3.417329705100834863e-02
-8.461794207540658530e-02
5.706521293128799521e-02
-1.823324774584850205e-01
-9.655104604391512302e-02
7.001276998734676238e-02
5.955958187361766465e-02
3.924420302806282124e-02
3.491694307706230682e-02
7.764693004914118013e-02
5.413949218392134777e-02
-6.102515500079810917e-02
4.352643740207064182e-02
-8.659903773058924212e-03
9.796355490791316956e-02
-8.779566466902682942e-02
-2.168969479679758346e-03
8.736187301979760067e-02
3.684100600384768165e-02
7.218244531869241754e-02
4.504479662962332376e-02
5.456647425152100217e-02
-7.475602596301826608e-02
-2.034385819513846450e-01
-4.504563132168937743e-03
-3.084087871457431157e-02
1.197561928730079689e-01
1.281300469307214973e-01
-1.276998384381124868e-02
3.743414533957816620e-02
-4.855299014695521609e-02
-1.184761766840934788e-01
-4.092522880110155241e-03
1.363582502709776156e-01
8.876872863087499621e-02
-1.333455392476817769e-01
4.828357972556846650e-02
2.695975418405448243e-02
-2.596352530733213662e-02
-9.482541886445819412e-02
5.396189526220548927e-03
-1.264574009007293602e-02
1.199489513353483271e-02
-4.786828798033482962e-03
3.574124463637973204e-02
2.308165769771508558e-01
8.535279524223837733e-02
3.258771947924427731e-02
-1.756762759318757361e-01
-7.034648194522352682e-02
-8.738727746083285730e-02
-4.279668000240599568e-02
1.420985893770227715e-01
-1.469747626178607713e-01
-8.150329606029316221e-02
8.340458649276033531e-02
-1.586306599608672957e-02
-7.259577064902263122e-02
-1.069183628040571848e-01
4.083977586170728369e-02
4.418082430071293421e-02
7.730910642058515247e-02
1.318489702412555531e-01
1.457514777940418504e-01
5.362864148180832707e-02
9.614746608407689910e-02
-7.102624613847384472e-02
3.616839011962674766e-02
1.406580486975728961e-01
3.955348166945824029e-02
1.448498582950266678e-01
1.113552291259502919e-02
8.973055891336054191e-03
-1.811320465102284338e-01
-1.752312515672649618e-01
2.827604815661138860e-01
1.389529839933155986e-01
-1.411722383455211172e-01
-8.710270474001849395e-02
7.549358754132116066e-03
-7.324153035009563217e-02
1.569685572824354169e-01
-9.012961893573595215e-03
1.149768982390361738e-01
-9.944706559875698959e-02
-1.694870653642868430e-01
-1.066056512256493422e-02
-8.722412779878366274e-02
-8.347886397007639112e-03
1.200498394272398184e-01
-1.467082982349126041e-01
2.470108966433808007e-02
2.844597280832486530e-02
-2.423521481950536571e-01
8.644169784186821193e-02
-7.911482051407187077e-02
1.090558126649331149e-03
-1.205083610140807587e-01
-4.805561110924265467e-02
4.586549312357846020e-02
2.705478992629088697e-02
3.503577501844134384e-02
1.327032468311521995e-01
2.485645805686578433e-02
-1.168602284259183111e-01
-9.509061735522422731e-02
2.558313503327201005e-02
-4.560897973186417431e-02
2.715203838633457600e-01
-6.995834667253435224e-02
8.853252998066052371e-02
-5.073687429390434656e-02
3.633639676180206585e-02
8.081540436785161763e-02
1.625755972911680225e-01
9.736634507958382909e-03
2.603066508053586414e-02
-5.219378890740174648e-05
-2.292549025076039693e-01
-4.054891432746053626e-02
6.129270883160556349e-02
3.560233182763097859e-02
1.610467263225389967e-01
-3.325653882320062094e-02
-6.946072870915885600e-02
-2.034067144381007108e-01
-1.904317153522155914e-02
6.346373608570193836e-02
-2.020308316272000082e-02
-1.209179328916898249e-01
-1.024647273820247229e-01
-2.650800133728134153e-02
-3.611213374922169622e-02
-5.030451998365629424e-02
-1.479594663400237986e-01
-1.305413799268052288e-01
1.215622636808493251e-01
1.380029192149583861e-01
-1.942461465519242092e-01
2.855774056671605554e-01
-5.116832710926279282e-02
-2.197454881421006048e-02
-9.483304923104622641e-02
1.178620319120561172e-01
-1.106446177549353788e-01
-7.287969846326176893e-02
2.760986947825588844e-02
-1.824520095498160729e-02
1.046276717122069794e-01
-2.199179436657107065e-02
6.483495004985417864e-02
2.850089652534959148e-02
-9.060613375592152519e-02
-7.566818894159382802e-02
-4.804316803056696218e-04
-9.622182106870701135e-02
-7.182007750841940506e-03
-1.604224262267037737e-01
4.343212838128586439e-02
-2.973679950904943928e-02
1.053464290297948525e-01
-8.309140188357592993e-02
8.270511826354126628e-02
-5.115049026552455358e-02
8.269899839974084732e-02
5.959200185010206374e-02
-2.081770258750209948e-02
3.942974437894519735e-02
-4.557125273642654434e-02
-2.610783621433028501e-02
-9.588104783454012847e-02
-6.864911752546547230e-02
-5.615718855668653392e-02
-1.225367050641698041e-01
-5.673575696045293770e-02
5.241878764316712513e-03
-1.699249863603199129e-01
6.805676239234910441e-02
1.193627113984577631e-01
1.414425503959769737e-01
-1.471106949190033883e-03
2.109978871766571631e-02
-1.370027914107520631e-02
3.812478506462847055e-02
9.034005967173991403e-02
2.138560025141708620e-02
2.827759809484918507e-02
5.705141347788702730e-03
-1.011637302762003476e-01
-4.409112299158814662e-03
-8.796119727030828062e-02
1.261385094955602137e-01
1.012923316606111901e-01
-8.982828120452529541e-02
5.314677561728885051e-03
3.634652480170479788e-02
1.519890032823998684e-02
-6.802091209492920620e-02
1.239108180859726897e-02
-3.430085480632599076e-02
2.464501952400533630e-02
1.143201141629266726e-01
6.478273290151352615e-02
7.312729583132225597e-02
-4.091046025634376831e-02
9.039885773788902679e-02
1.839748901900309652e-01
-1.297206398648584336e-02
-3.958920897645353335e-03
-1.487511769939375561e-01
1.248707124768309168e-02
1.458557771899705036e-01
-4.938319925159935508e-02
-4.871635248854399441e-02
-9.514841298591564245e-02
-1.115869888865151927e-01
-9.231741347928823505e-02
5.768513472259353958e-02
-4.957225770917563640e-02
8.649279691144705004e-03
3.897323987137091272e-02
-1.862869013658906558e-01
3.593166200982896713e-02
1.057383344541268713e-02
1.935656601204530092e-01
-9.548444109845048711e-02
-7.149482756694902630e-02
1.328053640648016454e-02
-3.109708023959364617e-02
-6.206809899350615445e-02
6.917383283644022718e-02
-3.048661904594650585e-01
-3.842911212514164843e-02
-9.167931983804063212e-02
-8.515448659034796641e-02
-4.395442245516861801e-02
-3.387462852805066260e-02
-1.020011067048488818e-01
-1.047837319871451622e-02
1.707830278246373068e-01
5.593261594178627893e-02
3.912098010985826102e-02
-4.060379554432645699e-02
-1.111073139590880166e-01
8.649564446009692931e-02
-4.154796306767850889e-02
1.056857504972448791e-01
-3.934075580511920550e-02
-4.434174758157902185e-02
2.201580448390964839e-01
-6.844038002208158167e-02
4.589304037852121043e-02
-1.483109010596158073e-01
-2.658785667358846139e-01
3.298411880462835677e-02
4.323309476437549315e-02
-1.672594395215731555e-01
1.267939825790938280e-03
1.367156277748417803e-01
7.582653196737704215e-02
-1.775393757288193722e-02
1.930297437340131594e-01
-3.593472450394744055e-02
6.954357580719659759e-02
1.973559425382816809e-03
-1.133431888020086098e-01
-4.368538623427661860e-03
1.347230159539303529e-01
1.436227204362544030e-01
4.595322533981566898e-02
-1.255543081211534517e-01
-2.889873019386625733e-02
-6.763500334387059776e-02
4.697189287175841665e-02
-3.887768742354166807e-02
-6.692084757834319830e-02
5.731825886243344798e-02
2.999089791034719246e-02
-2.228690459657369505e-01
1.899554406548207286e-01
-2.459445410981792642e-03
6.429422269012879942e-02
2.098265983457656692e-01
2.532454216076259271e-02
-2.496230493528931935e-02
-1.717167823774838620e-01
1.961039715018705540e-02
-4.537764633448631429e-02
-5.345131789820356527e-02
7.463619311627922581e-02
-9.027227798950239468e-02
-5.817166661580224635e-02
4.311388502284105306e-02
-5.730966636678017263e-03
3.089403710408242243e-02
8.827423224666292034e-02
8.065791580745496070e-03
8.421269370034178969e-02
-4.369553754076017232e-02
6.357625740080005694e-02
-5.874046446287572998e-02
8.871148365035758099e-02
-5.564977132247404118e-02
1.418337060302591116e-02
-5.554205368836692691e-02
3.150820169754822014e-02
-5.232857612698162131e-02
-1.544671635828925339e-02
3.595481722710900524e-02
1.226212804667628914e-01
-8.807735362916370436e-02
-7.642204983477489388e-02
-2.256892260877099016e-02
1.087923675293594461e-01
-9.507705019990569939e-02
1.161692268083557578e-01
1.833131833532257449e-01
-6.149957354730603565e-03
7.248316436673417351e-02
1.035354304287574162e-01
-7.416555496991769636e-02
-2.462523918021443936e-01
2.112914626277014648e-03
-4.712116948722173265e-02
-1.006802342523148708e-01
3.612829004625136425e-02
-5.527648797491972049e-02
-7.926527682933323660e-02
-2.122429339980800439e-02
-9.960972109435489719e-02
9.127468021648633967e-03
-6.381232252702499774e-02
-7.999755981543110739e-02
-1.202836662068582085e-01
-2.163795020437231931e-01
-1.381775236817541497e-01
-1.260440126306094366e-01
4.419508156127166520e-02
1.389796439107260917e-01
-3.534272875028042493e-02
8.892598339981443861e-03
-6.953588738522901991e-02
8.332058693185998011e-03
-1.949510752473482267e-01
2.222173983073484349e-01
8.768180587121494202e-03
1.126330669853103372e-01
-7.552640075021183064e-03
5.943825728498711158e-02
-7.288894451928115692e-02
-4.567896532625396327e-02
-8.981259196370225406e-02
-6.206515007958182673e-02
-8.497273050959203156e-02
-1.974252253498150478e-01
-5.983929907873806325e-02
1.687123484351573874e-02
-7.908465604975253860e-02
-1.590248158297578596e-01
-2.034860337170827510e-02
8.714253410516857590e-02
3.915966892579986897e-02
-2.306052790182603826e-02
-3.784243728997760403e-02
1.525349674725066107e-01
-6.092955094566976371e-02
6.442482334473025041e-02
-4.269506168672307367e-02
-2.016680476995235116e-01
-7.974616343703472277e-02
1.394843099760761061e-03
2.095942205346912335e-02
9.812030766806809079e-02
2.443654223544007575e-02
-1.318437383965204157e-02
5.275570523676653689e-02
-2.090425815984366109e-01
5.778440194864107454e-02
2.259778910867782722e-02
-1.639880472304507814e-02
1.279349473405749782e-01
1.368109807375068043e-01
-1.934507295934080884e-01
8.819085033298759702e-02
8.508327691275779231e-03
1.337916722209957221e-02
1.524219033053263450e-01
-4.385925663329327817e-02
9.847411397092810381e-03
2.576383075947068571e-02
1.284525682710124621e-02
1.547181765432442402e-01
1.365392939433733577e-01
-3.821792032186304561e-02
-1.128359939832322828e-01
-2.946936808168891531e-02
-1.393161081229765952e-01
-3.410453031732967738e-02
-6.886415780757119964e-02
2.685801324823685124e-02
5.207498104210372958e-02
1.024648797527779182e-01
-6.759306842636751689e-02
4.172880085322223931e-02
-4.458413314797066151e-02
2.066870678768196329e-02
6.095961308860350925e-02
7.192090319318501790e-02
1.334823821307545288e-01
-1.210127199711290152e-01
5.653821144385950265e-02
6.336189877382236713e-02
1.293662141345512384e-01
-8.694502536732749698e-02
1.134232225740065686e-01
5.424385119167621228e-02
-9.111334400525715471e-02
-1.525811223747301597e-02
1.081877045940561957e-02
1.588080393770363238e-02
-5.670764668564314687e-02
-9.551315504856860983e-02
1.751480190212724442e-02
2.040422671162251123e-01
-2.251536001189098912e-01
-2.674323217461080371e-02
-3.657202468431790948e-02
8.068550648105667078e-02
2.601306000015805170e-02
7.252980904494303604e-02
-1.152989218146087125e-01
1.399460920021783072e-01
3.750709860650967842e-02
9.780933414292106165e-02
-1.482878409498257543e-03
-1.971236680827511203e-02
-5.824255290570495153e-02
-4.282112243393735099e-03
-1.403353228435286204e-02
-9.211653021061651236e-02
-2.090276346091799187e-01
-1.260918358134731077e-01
7.374779244677080736e-02
-4.485635010719132842e-02
-3.225141229625634598e-02
3.690106739602336261e-02
-1.298220818897402318e-01
1.385661251044457420e-01
-5.146939788030117230e-02
8.985654771882713165e-03
-1.852308003512851686e-01
-2.522720907543751778e-01
1.673404451292439532e-01
-4.452545435000068025e-02
1.781511622534020511e-01
9.723214887913610160e-02
-6.576364331669014296e-02
7.782007926228938499e-02
-1.742063831743122237e-01
-8.705467477238720830e-02
3.986488941385016305e-02
8.501686907459320153e-02
5.050059809714545905e-02
1.206411342225071626e-01
-1.552793441098080096e-01
3.164170264034662367e-02
-9.523098910447916343e-02
-1.743253316487717794e-02
2.168811893761551368e-01
5.122459412970491871e-02
-1.917358552060073260e-02
-2.301451723944417938e-01
