9.644726471255078704e-02
-2.704150530049807821e-02
-5.913784710162811598e-02
1.374190667808778687e-01
-9.911036574366397997e-03
5.937507926690717419e-02
-5.890020777268179658e-04
1.155608209560483601e-01
7.770448422521523957e-03
-1.687717354354109356e-01
-6.474414243648650424e-02
1.333429599089052953e-01
1.011228235661357361e-01
1.156546206746138228e-02
2.319348890815392528e-02
2.258889762897198228e-02
1.003324799370623466e-01
1.360401056459646929e-01
8.148325721585511494e-02
8.812899312260025209e-02
-1.019685206080161444e-01
-1.673927770177155161e-01
-9.473063188567631965e-02
-1.404523763163515737e-01
1.241270435791831661e-01
1.970465690456522090e-01
3.458221124376058969e-02
-6.855132408491447504e-02
3.519303484871498522e-02
2.366141873754744329e-02
-1.276668393273343131e-02
6.504871133461808189e-03
-2.915508358155630836e-02
-1.926313347794261499e-01
5.377774138042543811e-02
1.062389517773249664e-01
-1.270744244838264425e-01
3.721155956260423225e-02
1.187589894681680656e-02
-5.503645742297955112e-02
3.846258952186401743e-03
-1.021924562882081111e-01
-1.812891068646179521e-02
-1.372387465616161373e-01
-5.431744398851587330e-02
-1.569498983858695351e-01
3.450064934226503705e-02
-1.847732163536682307e-02
-5.386805502909196991e-02
7.292054425720501110e-02
-8.955449253249962716e-02
2.318027745109109139e-01
-7.278380963525132863e-02
-9.822748819660654523e-03
-7.939005567126622420e-02
-1.403907851333691982e-02
2.545229769563282091e-02
1.008998693602452396e-02
-5.321316535261166186e-02
5.317490187292975984e-02
8.340494092018518879e-02
-1.854886918866840637e-02
1.109647986110787188e-01
2.063283233126896321e-01
-1.018135373070084004e-01
-1.178036226618323773e-02
2.491697867868961636e-01
-1.919689934809772625e-01
9.241782932478669055e-02
1.466325779650542787e-03
-8.553033577319052450e-02
4.844903161924016266e-02
-1.066916994788952855e-01
7.444561343400686940e-03
-1.205591110771412205e-01
8.240912713142310372e-03
-1.044511986078750232e-01
3.423844098575356404e-02
-1.586712977817453241e-01
-4.943773951191633015e-02
-1.899701037393791356e-02
1.263795602321994838e-01
2.280100689989887283e-02
8.843014963432714592e-02
-9.560427585582491339e-02
-4.637004202780242723e-02
1.993874374278846451e-01
-5.910866236591738598e-02
-2.152802015106578537e-01
4.843527006635543058e-02
-4.899740280326812802e-02
1.223396663271170831e-01
1.773731895721421042e-03
-1.219309946041024183e-03
-5.576159134477525620e-02
-4.418912251140289654e-02
3.628661489347723146e-02
5.822447263301375880e-02
7.681968925700836948e-02
2.811117203450422264e-02
8.048979606298109490e-02
3.105858317530560408e-02
1.697416032008270542e-02
1.443018983645207032e-01
3.754905748039273627e-02
-5.626912889206198143e-02
5.794324439901145374e-02
-5.708591571566182243e-03
4.869464722996438150e-02
-2.245319519981832657e-01
-1.215363480429169085e-01
-1.701274645677346153e-01
1.147279643436696084e-01
-1.513735154291645513e-01
-2.111691944270899235e-02
5.323109382213873225e-02
9.887387440068251543e-02
-3.332276076435982531e-02
-4.709878731181837280e-02
-6.679378072935969468e-02
-1.591297410553273520e-02
5.104820362928236266e-02
-5.831433002118996400e-02
-1.380449437120251088e-01
1.692102025378480479e-01
-1.104350757359274654e-01
-1.299960311898862575e-01
-6.586400326086987167e-02
2.506214739887991511e-02
1.226080279588834601e-02
-5.362889606793574959e-02
-2.673752374199404869e-02
-1.846651268820632963e-02
1.261513163254516789e-01
2.699175116507052802e-02
-2.323858569491696613e-01
-1.110249153182330667e-01
4.006972936197981949e-02
3.896593210978092914e-02
9.783208050468959749e-02
-1.278614786847360497e-02
-8.620533648909450841e-02
-3.596869040510562027e-02
3.052631650179009684e-02
-1.348140758635152370e-01
-3.840021498520317100e-02
2.531873294125541185e-01
-4.003474658664625541e-02
3.955404682213201073e-02
-1.509795527099039580e-01
-1.053804954269718652e-01
-6.119426363875557495e-02
2.528025786738564290e-02
-6.446663449572739846e-02
-8.540859264549670316e-02
2.284293916597727181e-01
-3.372453045112288467e-02
5.802498230452043937e-02
-1.306794493242583455e-01
-1.944401363862212177e-03
1.484816092300396684e-01
-1.097821713002210819e-01
3.117909319291062298e-02
-5.696092222317229725e-02
4.994821067279678339e-02
6.278988932624347818e-02
1.695950920463794864e-01
-1.359266692987410111e-02
9.974570440034445651e-02
3.513206615833860957e-02
-4.278990365896509496e-02
2.591816279020394895e-02
2.999560968227090244e-02
5.386973857669311028e-02
6.594374517767345734e-02
-5.085231414502148356e-02
4.420276735416008018e-02
1.025658213512754546e-01
1.229923011984344061e-01
3.454481712449528757e-03
6.821382573366896462e-02
7.795763933818827818e-02
-2.768866922778812772e-02
3.207459933712625277e-02
1.133908024122790847e-01
9.468412893237870831e-02
5.841290728883100775e-02
2.480425942011312782e-03
-1.322161720305994603e-01
2.377097165191043374e-02
-4.388723758779214390e-02
-1.532200562822102867e-02
-1.488229965787065540e-03
-6.816221973287754990e-03
2.191598348850675934e-02
2.484260655282966579e-01
3.788368606645326625e-02
-2.562125483354908001e-02
-9.896743062024412896e-02
-9.286589442332282562e-02
-1.677379258176197110e-02
-5.803982976241947589e-02
1.185292909322983451e-01
-8.450838914112029920e-02
-2.622711473240095237e-01
2.679140578531820360e-02
-6.149202557120625467e-02
2.118812808919900113e-03
-1.200743060219236491e-01
-7.241488829667312721e-02
-6.849190750013821327e-02
-7.450707238254243581e-02
-2.190795930590351270e-01
-5.064837510512956720e-02
-6.196726601109554117e-03
-1.055908432176709683e-01
5.875973684043370865e-02
-5.853298475656629890e-02
-6.862972984187722114e-02
-1.802316398013602272e-02
-1.280087545786146308e-01
7.968164024815926894e-02
-8.570352152057340508e-03
1.080667871176714812e-01
-3.653889100764483311e-02
7.928384658803331458e-03
-1.875052696482698011e-01
9.696653189904232140e-02
-9.508225186945085117e-02
-6.072306518337135250e-02
3.249277804023042310e-02
-8.133839931013460423e-02
-3.603739402817450737e-03
1.952761631877785939e-02
7.949865652457869386e-03
1.343426723071794449e-01
-8.478625775850293089e-02
-1.133021832154971070e-01
-1.578709275056138644e-02
2.153517223939605540e-01
3.101525857120994711e-01
1.406792119645448313e-01
-1.185371271819064126e-01
2.027712623123970048e-01
4.866210667174354632e-02
4.316045519258877340e-03
1.758733231926338722e-02
9.580260014547128944e-02
-5.926514810468681838e-02
-2.143508611661086583e-01
1.452124208552863782e-01
1.207532951418195388e-01
-9.428890160531608333e-02
2.046636096545052796e-02
1.495978435140893625e-01
1.382411719377142079e-01
-1.054020191620172603e-01
-1.202148101313537665e-01
2.150824988480791455e-02
1.466313094264273809e-01
6.634448124776365363e-02
6.034455419344634391e-02
-3.459395718320146251e-02
2.908562128563127458e-02
1.401742449952172176e-01
-2.100109831673408704e-03
4.002984047526172290e-02
1.824038734896671898e-01
-1.882507441031171236e-01
-5.771677313277807919e-02
-9.680339503956220115e-02
-4.060217139803730391e-02
-4.503144044527873646e-02
-5.254623879448432761e-02
-2.384545488451722539e-01
-6.802196996542346497e-02
5.338584350454894656e-02
1.024062430166652604e-01
3.985936568286277404e-02
-5.331473991308671723e-02
-6.461675052831392096e-02
-1.911952456605967576e-01
-3.297231924620272481e-02
7.844163460008242439e-02
4.446959353697184369e-02
-2.985369686191390315e-01
5.411521650791996374e-02
3.486481233355474829e-02
-9.921697514728072820e-03
-1.385487629746060823e-01
-9.204125331890035400e-02
-1.743106183892256800e-01
-4.638491632111027552e-02
-1.184064627615580845e-01
-2.541591131388377944e-02
1.310827605046899214e-01
2.633653805152567640e-01
-1.257285055793573580e-01
5.831010666247632424e-02
-1.579002036509492279e-01
-3.214963703514518711e-02
-1.214728750247296429e-01
-1.193531760194333213e-01
-4.598662616626653793e-02
-7.498665212404204139e-02
-9.263347656038626535e-04
2.300100950666265354e-01
1.937289661818231146e-02
-8.758900982783938971e-02
5.780471256892874554e-02
-2.581641696917908596e-02
-1.565524120833855504e-01
1.204871427878850820e-01
3.785634115851001930e-02
-5.539036005662698048e-02
-9.549989699041208646e-02
-4.390197706454283810e-02
1.150840495005955866e-01
-5.343642108842098365e-02
-1.155381718611411812e-01
-1.153338629027515216e-01
1.562794494958105740e-01
-9.136522630054789984e-02
-1.006385210027167382e-01
-6.917844416295655663e-02
-1.846865448125170964e-02
-4.298288972372990568e-02
2.024485933646710811e-02
1.006459012852626289e-01
-2.906115734189491234e-03
1.307423879962068582e-02
1.515696261268970925e-02
-2.228003321572729067e-01
1.989610841859153906e-02
1.088870726573386294e-02
-2.595907688063296692e-02
3.395195965515928477e-02
-7.330736903194055853e-02
2.793316875121425180e-02
-7.360194967769893848e-02
-5.337434037586012009e-02
-1.325515146868034844e-01
3.566779972126957882e-02
-9.351289878490762209e-02
-5.159239657713969585e-03
1.329050090427457975e-01
6.696087518333225519e-02
-8.216916111144823009e-02
-1.119706951519515714e-01
-9.498934049978559335e-02
1.368640520639221869e-01
3.399618217743329701e-02
-1.276527822158079334e-02
-1.308190589327972442e-01
-1.405148469999604327e-02
-7.093474518218177705e-02
5.266404055067781809e-02
5.284374726342695727e-02
1.539812379544809873e-01
-5.251027716405294588e-02
-1.170029941386760072e-02
1.463043756235950510e-01
7.622250634513395851e-02
1.668247728508299998e-01
-1.159174128191395314e-01
7.510401618731721296e-02
9.088640504357825556e-02
6.222193184269070310e-02
9.406148574245723482e-02
-1.636617820033044735e-01
-3.841206965326657286e-02
-1.867304376796443885e-02
1.452394827253625509e-01
-6.734370644696222562e-03
7.769337211292058620e-02
-8.850933324710780203e-02
5.274411813770655405e-02
-6.510589215514618611e-02
-3.278594802385839668e-02
7.525381020866024617e-02
4.417315462730265346e-02
1.851813978918085135e-01
-1.485517789354606419e-03
-1.286020412940243607e-01
-2.730867599608234955e-02
1.667302395094974743e-01
-1.321982519981354798e-01
1.799290276935878660e-02
-1.744191008849396152e-01
3.648948676582716016e-02
-7.097160396650932512e-02
-4.406044114194561379e-02
-7.716696763090873101e-02
1.025808947724271419e-01
-6.872352551299239221e-02
1.321115043887974121e-02
5.982574519616552962e-03
1.117677945601789659e-02
8.691127225628024824e-03
-1.495463743987096583e-02
1.077109756211677011e-01
8.306830765723476062e-02
6.466994321292117431e-02
2.579129508816923114e-02
-1.920704144159202098e-01
-4.188674193678140062e-02
-1.952925706214310997e-01
9.360720412258702328e-02
8.680493952058908336e-02
-4.466758123039946127e-02
-1.367392223271023111e-01
1.069428176720735452e-01
-1.202676905620881156e-02
-1.634365382672309797e-01
6.063075324603628413e-02
4.086101119834707057e-02
-1.311162932410476489e-01
8.316701685353125595e-02
1.831047521632665417e-02
4.469007904528160546e-02
6.492392223061381473e-02
-1.268906836485410861e-01
6.093027784688404003e-02
-4.902430285273988442e-02
5.222896698623194500e-02
-5.080301813698975821e-02
-1.114557266467925550e-01
1.980051113887613956e-02
-4.945026392974784940e-02
1.423984085218125417e-01
-1.453929406593529039e-01
1.828086654929702015e-01
6.289544977476413390e-02
3.083919851185924332e-03
4.579707004426834815e-02
1.374215253963828945e-03
6.899193091494153218e-02
1.924311964683913037e-02
-3.689357929238779032e-02
-1.619487904481316633e-03
1.494669449818337298e-02
1.191828194542300656e-02
1.478198476504286778e-04
6.496258664299850438e-02
2.077787525874461375e-02
-1.190963434233027612e-01
1.429532844912868583e-01
-8.562696187079393839e-02
1.349955670950744591e-01
-3.334303394169741558e-02
2.628703836664341223e-02
2.614386458351006248e-02
1.243732241051228593e-01
5.880205633263847070e-03
-2.573552553858926562e-02
-7.131795397190503205e-02
-1.060653700732503424e-01
-3.041338186977583791e-02
6.809422306372299449e-02
-4.135681383341396899e-02
6.776049856034653887e-03
4.503583020990631347e-02
-2.577883315593616775e-02
-9.633100817708323271e-02
-1.306410082090032898e-01
6.796498724480395937e-02
1.247188840502540669e-01
-6.302626630763578930e-02
-9.728038017245732236e-03
2.289344087824417284e-02
-1.111460931695454823e-03
9.084739253802308692e-03
-3.117004505044445109e-02
-1.847295214924783366e-02
7.530521762648753614e-02
3.927020669053320895e-02
-1.388604036767947941e-02
-6.789798481752879443e-03
-1.886400179941070121e-01
-9.331667904411485026e-02
7.031045772576148545e-02
-1.939185877562106877e-02
-7.053261140398256468e-02
2.075701527109229810e-02
-2.800702490850685844e-02
9.148213220234634180e-02
-5.061831473946937221e-02
-2.269396156209418924e-02
-2.049442136995903441e-02
8.873969260984325425e-02
-4.210079863904634540e-02
9.555724615945559997e-03
-2.808699289623510856e-02
2.877043603022425566e-01
-1.680686510056897051e-02
-1.157523218909462838e-02
-2.761102166843337757e-01
-6.560739642248428205e-02
-2.097144545306763030e-01
4.256094273580301318e-02
3.266269364353253934e-02
6.774193393981972622e-02
-2.038059840963278926e-02
-1.897307370428381532e-02
1.506100834486573947e-01
1.074633574093464272e-01
1.096253971659576498e-01
1.276172339377386056e-01
2.051001181347313074e-01
-9.184863410236838999e-02
1.683825255022193823e-01
7.574745580408401291e-02
1.274677013756023158e-01
8.615478724826680645e-02
-5.831619464571087541e-02
5.554857212042194764e-02
4.065263725136448320e-02
1.999452303660738672e-01
-3.822170528856088517e-02
-7.205271893168033182e-02
7.031321285104963348e-02
1.478203304313177591e-01
1.982150580274467250e-02
8.466743354622633874e-03
1.184331934579909151e-01
2.918049320982556497e-02
9.796508216719539142e-02
-6.445884315878194944e-03
1.156776968392034671e-01
4.240243893540888293e-02
-8.980287627217446722e-02
1.672347948106997495e-02
9.867440006273929531e-02
-4.935104896926796603e-02
1.263655961264689986e-01
-6.562926479173612770e-02
-4.669650724697373134e-02
-8.792747605487885587e-02
-1.664605222798879250e-02
5.982765042824797486e-02
-1.443328669750685855e-01
-2.488399787462433274e-02
-6.481423072182876909e-04
2.442421008839399874e-02
2.810939196542909524e-02
1.353157026855473788e-01
2.377800931339953822e-02
-5.600189725084447553e-03
-5.579595315426922990e-03
3.477859036640908869e-02
3.529130841283002057e-02
-1.015817032133800729e-01
-1.275709512169409254e-01
1.476045536684397474e-01
5.692274259024282697e-03
4.528635965900530691e-02
1.747416375039641812e-01
1.147251641952495016e-01
4.055295608764092341e-02
-3.362395975736928028e-02
-4.596676877724048885e-03
8.550573894802289410e-02
-2.271047882160309728e-02
7.463814300038996291e-03
-2.755089602558016826e-02
-2.682175389632720369e-03
-2.544161567835229731e-01
-4.776520035266815234e-02
3.871065406866619485e-02
4.074998998069277734e-02
6.613141334972537366e-02
6.093184577292834816e-03
-2.567676712885137436e-01
-1.353966693122976399e-02
-9.294261966712319412e-02
-4.433103593590501795e-02
-1.294172266573142271e-01
-3.536347279772483060e-02
4.904834441206429307e-02
-9.029968998922634216e-02
-3.122562121536681667e-02
5.189129661589890301e-03
-1.396173843339743037e-01
-7.999080569084447701e-02
-1.613203595856880362e-02
3.278134737665359608e-03
-6.821392658038559487e-02
-3.419920099264290442e-02
7.557927371364553393e-02
-1.742097661973811551e-01
-1.685041576359898319e-01
-7.674494712622055570e-02
-3.682012938001019003e-02
-4.337909858224558296e-02
-1.671642105464594269e-02
3.203332537958710619e-02
9.003880409735633139e-03
-8.817864154419359154e-03
-6.546987040891145970e-02
1.517959610876404297e-01
-1.232405441447947114e-01
1.658686956644230687e-02
7.655142736294172356e-02
7.319100636724988618e-02
6.816123635082548503e-03
3.612820282640252095e-02
-3.145712665033589123e-02
-7.335181441772616051e-02
3.565854654178397809e-02
8.051664392602575493e-02
-8.420176579387679550e-02
2.638680744818782120e-01
1.298493536658582304e-01
-2.309717812082533461e-01
7.480419099355405110e-02
-1.952173621264509384e-02
-6.287123012169185121e-02
-7.650946350967841210e-03
-3.216374229209469776e-02
-9.114639640745957061e-02
8.009588191945195279e-02
-2.894127024831742029e-02
2.276315246906625012e-01
-5.307412244101263055e-02
-5.945378442951557846e-02
5.387613361223996672e-02
-1.613353317795165609e-01
-8.333861416358726015e-02
-1.353470740431179375e-01
-4.103844747584019931e-02
1.802567507517409129e-01
1.467905076028735434e-01
7.299547791321157018e-03
1.184077546828470745e-02
4.045861635697726999e-02
-1.952118929012239268e-02
-1.759061293740054044e-01
-1.325191515572919122e-02
-4.389893125634797971e-02
-1.452023102831814516e-01
1.552072722431728780e-01
-6.850073668340175836e-02
-1.744676255950151633e-01
2.008920947452368100e-02
9.268095301566381394e-02
1.667349874270492027e-01
2.428341386232041321e-02
-1.308918718094333015e-02
7.565221748310363425e-02
2.348917848218497195e-02
1.350287170145812177e-01
-2.921428570615770826e-02
-7.651856089868000477e-02
1.077280995029133159e-01
1.082716339459668664e-01
4.646225563553773447e-02
9.976242785837785652e-04
-6.035956879738775538e-02
-1.392004795830953101e-01
8.981781018754658730e-03
-8.590684486597298386e-02
1.413010142449822315e-01
1.255693286524554586e-01
-1.398021951322589718e-01
1.041969887014803781e-01
7.838501481797965909e-02
-4.925601622538762492e-02
-4.976987170231798180e-02
-5.856532604377850254e-02
6.448149882308920611e-03
4.310759997256228410e-02
8.968646353231886359e-02
-1.255622397339434260e-01
8.651750478370136277e-02
-9.745277744987207447e-02
-8.835713806521668101e-02
-6.575969281645857589e-02
-3.619047964617407021e-02
-5.271000953476522727e-02
-1.632360876214085377e-01
-3.054916544377202225e-02
3.137162621625423642e-02
8.872098103499440058e-02
-5.934152162799371383e-02
-4.249117313448491640e-02
5.610915080240613112e-02
-2.047804298627833516e-02
1.527230027505943610e-02
-1.475655177349159686e-01
1.242563712896805478e-01
7.527892459024235726e-03
2.820008570292866987e-02
1.219511685929456218e-01
1.192528758756600527e-01
9.334517547757507916e-02
1.941674474020113339e-01
1.875842977833443448e-01
5.752784972817035630e-02
7.455928635203867838e-02
2.813650678800798388e-02
1.287001994913052338e-01
2.653476300064709983e-02
-3.506196270701090328e-02
6.527049347080342290e-02
9.487203370083446829e-02
1.162262532202858883e-01
2.604278594501384381e-02
-7.330605260222220095e-03
1.119612946163191236e-01
-6.534479716522849368e-02
-6.433523315457302660e-03
2.696707133975238119e-02
-5.730499097791537377e-02
1.156786668467755241e-01
1.645979501328755923e-01
1.035814058657814063e-01
3.187702617869410116e-01
-5.436448150837357857e-02
1.166988176257875882e-02
6.599685771897993714e-02
3.368811244390194914e-02
-1.146285751826881527e-01
-3.398882582761064003e-02
-5.960837013846214533e-02
-1.908999798353017141e-02
-1.061276284880167398e-01
-4.539206781591785533e-02
-1.040847699995975928e-01
3.391122968492884387e-02
-3.118322068980566852e-02
7.390537569769382864e-02
9.706240226730890319e-02
2.009997865345092005e-01
-5.539635403682480197e-02
-1.241544736402218074e-01
3.515074621685428807e-02
8.063419648773129111e-02
1.352125184562734950e-01
-1.646179292399935490e-01
-6.594314925372621317e-02
2.501946759472653548e-02
-2.442328932797097410e-02
-2.043935341649588677e-01
-6.236139186136024221e-02
-2.200227022553531142e-01
-4.787841215232287173e-02
8.960510096496873689e-02
1.213121712705684391e-01
1.674063635125514968e-02
7.663850050914944312e-02
1.084085287983970192e-01
-4.931525455400905325e-03
-1.056656206753147365e-01
1.246357978275886569e-01
6.618030360976771831e-02
-6.033614949032622965e-02
8.329352061647432581e-02
1.172880644442124282e-01
-4.368621981061235338e-02
6.560895061769418668e-02
-4.642169941496165561e-03
-1.904206563661702267e-01
1.618006107769818513e-01
1.051571459750447607e-01
1.469376041471978644e-01
9.996189795000311185e-02
-3.415835168116379550e-02
-3.526583446373235398e-02
-2.281524104768386241e-01
-1.345993514319657469e-01
-2.048855371692762106e-02
-9.658503991515761389e-02
3.976870410881151729e-02
4.265282508676558615e-02
6.431323853722424599e-02
8.440861575368109604e-02
-5.932424379481085475e-02
-4.976499079398088304e-02
8.964836558316917337e-02
-1.163416645509115499e-01
-6.584516210096268889e-05
-1.582280695184348426e-02
-2.970226944150319089e-04
-1.107739005702908230e-01
-4.661829565160060390e-02
-1.399948814878458105e-02
-7.430624145403351422e-02
1.889830157913744146e-01
-5.957431600767919971e-02
6.663649130896566464e-02
5.304278265985749169e-02
-3.604599150358980819e-02
-8.900695839340228011e-02
1.338239933809525217e-01
-8.306149893953644614e-02
-3.351984591012486473e-03
-1.112027820914047917e-03
1.092752192607492207e-01
1.899059398703013823e-01
1.537796303662953418e-02
-4.916643481169170882e-02
-6.872533324904993302e-02
-6.136383139291395894e-02
1.136672449458234618e-01
-3.597361574327400530e-02
-9.843366248259483031e-02
-1.677912081129557809e-01
-2.645679872454963569e-02
-7.371027459210910404e-02
4.793260220080602929e-02
-1.057703105821070078e-01
-1.202397535671823059e-01
3.106160244425779093e-02
-8.137683727280213206e-03
-6.139631002104670859e-02
-1.721506278976776133e-02
-5.095830099599061441e-02
-6.389884538873065456e-02
-7.651594627318311637e-02
4.784106028954184658e-02
-1.332479528810208147e-01
4.634892870451780278e-02
-1.628659745905527145e-01
1.103936796242106343e-03
-1.115810469850100350e-01
1.328464079428352818e-01
-3.166480216314428858e-02
-4.913906271815814131e-02
-5.017948775843047993e-02
-3.455021405776759896e-02
-9.790018555467591352e-03
3.781136559470326536e-02
3.359040402304582645e-02
4.801382498519436715e-02
-2.109282079416578692e-01
6.373827245366546837e-03
5.352759321626754385e-02
2.265238891300462229e-02
8.905468395901468270e-02
-1.788430016377184073e-01
-7.779874101588432969e-03
1.518886887481672721e-01
-3.737085103387088880e-02
-3.257486898887253929e-02
1.549050307167281759e-01
-1.097961332918158117e-01
-5.686955249174759086e-02
1.310552872184752096e-02
-9.843427198799339917e-02
3.525232193513035822e-02
9.793448097590919110e-02
4.706142115705414658e-02
2.618932962501837811e-02
8.082206220114229733e-02
-1.864688497838312697e-01
-2.050218560172757318e-02
6.993411190909619435e-02
-6.266206103907003520e-03
-1.446116755859509773e-01
3.057315986135125067e-03
-1.089158161818140763e-01
9.733886601754448975e-02
1.262184555824885923e-01
5.453972821235219398e-02
-5.257089317951643692e-02
-1.375756826900418062e-01
-2.408913956672552037e-01
-8.206516608685202052e-02
8.154777808065694425e-03
-3.174326385177352328e-01
1.011428217774712757e-01
2.287472037449121698e-02
-9.362349333725367151e-02
-9.737777751330252418e-02
-9.460014390596011361e-03
1.287534524784772760e-01
-5.769750229636955163e-02
-8.195743967410695774e-02
-8.873143856606718893e-02
1.889548160523840670e-01
-7.437094118017011091e-02
-7.490882562996069305e-02
-2.592024776273731471e-02
2.229991380896842110e-02
1.928900862316696996e-01
1.041949384410010074e-02
-1.730277659650368838e-01
-5.433818198224126678e-02
-1.750918736575662882e-01
7.131412925660848834e-02
-1.057681693164122250e-01
-1.326878067587682897e-01
1.014236523570999360e-01
-8.724160321125958018e-02
3.830784353536827169e-02
8.145163812696745720e-02
-7.291689915754778067e-03
-1.451702131617777780e-01
-3.383283450475720322e-01
-1.229391942329067233e-01
-4.389277586720626012e-02
-9.231157064489982356e-02
5.348275545763384736e-02
-9.427050670482656214e-02
2.106217724784492928e-01
-8.572801011288502804e-02
1.979083439438380360e-02
-2.025239636147586897e-02
-3.800384128097601677e-02
2.962577099061033947e-02
5.495607624223103338e-02
1.265555820982367831e-02
-2.187535450455670855e-02
1.326145997371410562e-02
3.147264985840738521e-02
-1.352716752516991763e-03
-9.305248412815558812e-02
5.288576322482427955e-02
1.489753965133377156e-01
3.423219853702660215e-02
-9.640987451269623920e-02
-7.414897176531197454e-02
2.807465171300450174e-02
-6.926914425031577283e-02
-1.921899189963016674e-01
-1.829435749273939371e-01
2.025103067185894390e-01
2.257354039240138111e-01
-1.721309660267399955e-01
-2.040106079328344590e-01
1.685779762906147380e-02
1.520373836880458962e-01
-4.561903125952028459e-02
1.326390101145482614e-01
-3.412392255745524267e-02
1.143914741922172490e-01
-2.135177215011722571e-02
-4.757957798457482929e-02
-1.854270711905130764e-01
-7.780591822362176169e-02
1.329710143049962212e-01
-1.085726204764086850e-01
-9.721970007254907009e-02
-1.578570710390207396e-02
5.169891861203344124e-02
-8.685277098863389278e-02
1.207834880362737284e-01
2.660789326132808144e-04
4.819101433106259304e-03
1.976659310321124130e-01
9.824066566417360979e-02
3.094686295148309230e-02
-3.633591473523899856e-02
-6.162764667677509550e-02
7.690156195951834694e-02
-1.364932273355105863e-01
3.840270648359504768e-02
-1.125036397827473417e-01
-1.317131597208368865e-01
-2.108971902381483743e-01
-2.861081068510374359e-01
4.533499189917913896e-02
-3.752657953192634066e-02
-1.129155368405566906e-01
-1.501684755064394972e-01
-2.934029619189096327e-02
1.402730466247235908e-02
8.196065128134066846e-02
-1.607201913090982107e-02
2.036429820032967519e-01
-1.288711776151522936e-01
-4.984981915046378387e-02
2.147619686397542194e-01
1.046399433757740915e-01
-7.109140812419099953e-02
-7.630682883417261309e-02
-1.208760945117570290e-01
-1.915782873058138325e-01
7.442858380626907709e-03
-4.874026868635853837e-04
-7.081741586996713467e-02
-1.486689733441547145e-01
1.135390706667789296e-01
-5.101298702168563515e-03
1.670391158426887514e-03
-2.266938261865769633e-02
5.387049509870407704e-02
-7.594758526008918431e-02
1.849663327990623898e-02
5.679761737496705210e-02
-8.283638532453541092e-02
1.791195301213291402e-02
4.636572042665242088e-02
-3.994799814991861672e-05
5.488474998081808304e-03
6.018899098782272417e-02
4.863043013186042068e-02
5.492082424998143142e-02
-8.809154900080971851e-02
1.777467772988208794e-02
