2.761195017101237409e-02
2.179616567022260934e-02
1.215471317563759507e-01
4.795450984971503378e-03
4.419471933688870480e-02
1.911206232028978547e-01
8.672460756023872563e-02
-3.260320490285293499e-02
-2.193275681074842165e-01
-8.017127983569176386e-03
2.406238528099467061e-02
-2.873087343058750021e-02
-3.745317844641298660e-02
2.413787451421060826e-02
-3.652258682678974355e-02
-2.581499316360068644e-02
5.170398821843769088e-02
-1.913251274626229237e-02
1.614796162538897351e-01
-1.739426602049877202e-01
2.340190945559850275e-03
3.110180288724538958e-02
-1.312765315348462386e-02
-2.726684970137942601e-02
-1.812589405926802802e-02
6.614902363480068548e-02
-3.665041440364944121e-03
-1.034304799820681825e-01
-7.781437102441321474e-02
2.989306271943922497e-02
-2.985955757112121120e-02
5.031714634824666077e-02
5.224984837847005542e-02
-7.909583989188002928e-02
1.021365132904676273e-02
4.416405974066406337e-02
2.126129028539831822e-02
-3.527074964498827514e-02
8.648592945379601771e-02
1.580963988619650262e-01
2.081905206358140858e-01
-7.122019744096173832e-02
6.201493010358064689e-02
-1.646596552191652574e-01
-1.128017827524578978e-02
-1.653082947840934513e-01
5.829048416909126534e-02
4.532859320478033194e-02
2.946769340677680288e-02
-6.645324738882008031e-02
-8.248148580944369285e-03
1.115902845265595994e-01
3.313439436104159783e-03
-9.413925582080458210e-02
-1.433966919593792633e-01
2.086541522344595723e-01
3.895613722870092804e-02
1.653187878640419717e-01
2.515232709995918192e-02
1.715062910470930430e-02
4.302401412572467304e-02
2.033401382336118002e-01
9.674710254595349224e-02
2.164851729598309127e-01
8.214842304836644793e-02
7.814227854610998614e-02
-2.405100756983865606e-01
-5.666066962324291245e-02
8.049593749205065374e-02
-9.846921312864034825e-02
7.071217124633417950e-02
9.254033182543526526e-02
-3.025878125489572454e-02
-4.097073928931701386e-02
-1.649488753491073212e-01
1.982505416250687769e-02
-1.647675834710716214e-01
-1.308188376978374201e-01
-1.126228089025415741e-01
-9.109074490696844606e-02
-6.618207141766242751e-02
-8.603661651089493378e-02
-3.658921689588919002e-02
1.813326721938866848e-01
3.602866386507708879e-02
3.581506150070581235e-02
9.851804640437494820e-02
-1.934513315498003205e-01
-3.871656033126708030e-02
4.620745369412958964e-02
1.046224401798917375e-01
-2.190925311538537146e-02
-1.195470166995844796e-01
1.983264960944793043e-01
2.932689678564319793e-03
8.202772205579439424e-02
1.131316946369133603e-01
1.627655252462472668e-01
-6.322811550511893419e-02
-8.715861741728062745e-03
1.117006932694437210e-01
1.270958824049265024e-01
-7.043263921880084377e-02
4.250530915831313150e-02
7.616377866127396930e-03
7.275657515147952725e-02
-5.929395915295551656e-03
-7.505419753753070355e-02
-3.256483669734957370e-02
1.402014226599760383e-01
1.497798626389325143e-02
4.154749664262286091e-02
2.994126025014018366e-01
5.313144219928627593e-02
9.128719157236965184e-03
-1.232451397892444789e-01
-7.902622217271698668e-02
2.970971525538583860e-02
-8.126355798014194692e-03
-7.056562555478426702e-02
-9.398085593784397118e-03
-3.875698484590128778e-02
-6.670428279824223983e-02
1.067333967920700184e-02
-4.874148596164028929e-02
-3.195003181087885391e-02
2.433842497980344063e-02
-6.163093916003197642e-02
-1.490138852246884228e-02
5.854485401448444870e-02
1.411369027640128893e-01
-1.555907095094369308e-01
2.024582890189939241e-02
2.455540283262946100e-01
-1.940419705220783331e-01
-6.225426190440021268e-02
4.212993417099853560e-02
1.468505734345645214e-02
-2.988205865742709147e-03
3.612045431950483554e-02
9.785080198684809050e-02
1.175121446458379099e-01
4.634842535255790513e-02
-9.698845878563118472e-02
-1.937203370561995340e-03
-1.264275967340154350e-01
-1.718428978466154597e-02
-4.047414350336067668e-02
4.397231776500488271e-02
-9.052517399279926338e-03
1.330061664485416850e-01
4.502546496993301006e-02
1.276509548027795204e-01
-1.065206709965754311e-01
-6.440161881232187024e-02
4.667996774901496913e-03
1.008585164507309617e-01
-2.348208369268615925e-02
9.308989335969683476e-02
4.108587952834565765e-02
1.931596546740775577e-01
1.852894913696579160e-01
-5.289482289116033409e-02
1.381286096281840459e-01
8.457630176467961780e-02
-2.247732375242678451e-02
4.350445038861496666e-02
1.410189176331208549e-01
8.910679529373605190e-02
2.643599749404171306e-02
-3.804374474451269195e-02
1.487002707629457854e-01
-1.795030914512108777e-01
-7.505834140035261282e-02
2.585355467519117809e-02
-1.512137264636537193e-01
-1.286105874801972762e-02
-1.055130838121864922e-02
-1.199833580591687984e-03
-8.809463274477974924e-05
1.713539386784597787e-02
3.919774029772618400e-03
6.582660328726439025e-02
6.958158704945105466e-02
7.937805960063946953e-02
-4.738652840213566572e-03
-2.815994827563480518e-01
-4.741894330428768345e-02
3.734962977991503758e-02
-1.375325850979364911e-02
-1.613199386889030765e-02
1.664627116544432073e-01
2.472999801051220872e-02
-1.273139450355620927e-01
-1.575452778655641109e-02
5.830961495828446139e-02
7.757111429323942930e-02
-1.023169641631409138e-01
-1.245484832959181248e-01
-7.066447293243564853e-02
-1.168169029797740538e-01
-8.855107862383138073e-02
2.224419968223332114e-02
-1.306917815335195514e-02
-1.603613042006395706e-01
1.141579172421092053e-01
-7.894193963029795535e-02
-1.856782877855855246e-02
-1.171667508234030056e-02
5.361331765433903322e-03
-1.126151225324301813e-02
-7.328092924525893281e-02
-4.573569762997752031e-02
-2.110339904721296456e-01
4.299880367327255093e-02
-2.108142567706333681e-02
-1.526043003472330462e-01
-1.699395945724558876e-01
7.322112645686766619e-02
-8.263769520608320318e-02
3.699501679709106539e-02
3.753560695974313133e-02
3.864297461018978419e-02
7.616637653700547572e-02
-5.447651289963367088e-02
-1.465347924645063749e-01
1.593122305669146532e-02
4.280586479924464172e-02
8.341959414399004180e-02
-6.650703377730321844e-03
-3.986363524470737385e-02
1.660140931406411113e-01
-9.441474867584308261e-02
-6.787657802621513414e-02
-6.323212082153710500e-02
-7.939933337117667522e-02
9.867815579894512190e-02
1.020279759155042626e-01
5.455889777339284485e-02
-2.032958123564448244e-02
1.443903424583495125e-02
-5.179049608576113267e-02
-1.338055746125147438e-01
-9.220289999775214962e-02
9.813281696255803099e-03
1.041588551169680132e-01
8.577807775217527464e-02
-4.027928552812540253e-02
1.197220134326599378e-01
-1.450050510336332588e-01
-1.172549807818945022e-01
-5.157106066113606446e-02
7.513208591103909262e-02
2.818649342241364049e-03
-2.469634996807665295e-02
-5.703025240965987896e-02
-1.561051854344294443e-01
-1.446856696752942262e-01
1.013001175381361696e-01
-8.833922957245181687e-03
1.270039172884005751e-01
4.289289935050252800e-02
-9.399612231442778035e-03
-1.025854951401445336e-01
-6.577480963151798032e-02
-3.144163246596174202e-03
-6.698735392281783552e-02
8.750823385438299962e-02
-2.818464901602311251e-02
-1.087425488914681299e-01
-9.638142114764658430e-02
1.049177571067646392e-02
2.332718987099905439e-01
-7.506495827743953075e-02
-7.039400694948004522e-02
3.247839821589817988e-02
8.949475586599008048e-02
-4.370807176591265386e-02
-1.692870049101628110e-02
8.360707347153806257e-02
-3.224680575089660522e-02
-7.745763365415679613e-02
-6.230008873954871046e-02
-3.465455118592734168e-02
7.753992495820102859e-02
-1.713794088468023058e-01
-4.234069260631560111e-02
1.263222932381794783e-01
-1.718501842119413495e-02
-1.627851623471243681e-01
1.847645931272151251e-02
3.887589458064530379e-02
4.897276579004800068e-02
4.734062831520852860e-02
-1.896860761014468322e-01
3.012744909480579228e-02
2.048800451746986551e-01
-1.595461536747753706e-01
-1.330855414271050197e-01
-1.384214365343288955e-01
2.262110496495104428e-01
1.417523784282025134e-02
-7.214328903643833779e-02
-5.154756032540827593e-02
1.558652209687412249e-01
1.046734160075108444e-01
4.743107962833811864e-02
9.297085413550953970e-02
1.995154839753766549e-02
1.682328845239119131e-01
-4.970094316174933358e-02
-1.230816583355559719e-02
1.099600480578230566e-01
-2.715801114713742997e-02
1.853952959121103194e-01
3.498648743935769273e-02
-1.331370250015499745e-01
5.534839394910021776e-02
-1.742691083237005167e-01
-1.143613103531543607e-01
-8.506931179305182375e-03
-2.530974803993317201e-01
2.018824376079982053e-02
-9.491057257873404540e-02
-1.502094248303559830e-03
3.103849247473810646e-03
-4.252526268461140346e-02
-1.476647832111162295e-01
-8.589670503767124488e-02
-2.220079304184756352e-02
-6.649276972207553149e-02
4.893026757298184898e-02
-5.757126858025941873e-02
-8.966770414005843792e-02
8.176279210080744653e-02
-2.865004228820018650e-02
2.321137008254544123e-02
4.931013448050410725e-02
-3.843925805803219409e-02
4.196951170474141901e-02
6.106866979329744760e-02
-3.443532414004652625e-02
-1.208503968994998207e-01
-9.762956068052824898e-02
-4.619508405420316710e-02
-2.405540086109992370e-01
9.638213321947447509e-02
9.022827444322452373e-02
-1.702378992846407786e-03
-1.479365205856823622e-02
5.135691396959388144e-02
3.449455447849150702e-02
-3.202618196382366750e-02
7.792373994842015372e-02
4.011302002511132371e-03
4.950677281304864674e-02
6.556288744806608448e-02
1.339332991711729981e-01
-9.499561409974567605e-02
3.164232153092427086e-02
-2.016308490448217305e-01
6.222539946393070009e-02
3.697661725734210231e-02
-1.692686349973182014e-01
-2.856798397850034490e-02
5.939663130482279035e-02
-2.560754933689424889e-02
-3.715562545644161829e-02
-1.658637978336769403e-01
-9.457406476772040049e-02
-4.080378029954252750e-02
-5.401575044949489396e-02
-2.137314346916515673e-01
-3.956204976258924019e-03
-1.857557842617811872e-01
-2.512124473157240079e-02
-2.052201397294089458e-01
2.952815794015589690e-02
-2.918198388850942390e-02
-8.446800846759178194e-02
1.292675806521820514e-01
-3.535781292566447798e-02
-5.067352383229806190e-02
-3.409435160344340826e-03
-1.332605711767360923e-01
1.412034669538192455e-02
-1.747092010989453603e-01
-1.877018776389759516e-02
1.861322508486084812e-02
-5.935178377709812714e-02
2.703472768773027175e-03
-9.184663546056398564e-02
2.928880408662320675e-02
-9.347510287126550854e-02
7.486982594334555541e-02
4.793085871062013198e-02
1.424382229853726756e-01
1.146617293865062753e-01
-1.640177958680242784e-02
3.630741271502402334e-02
-7.774579856755571561e-02
4.985528437155259396e-02
-3.001419710705478111e-02
-2.883213083896658813e-02
-7.950632073984463533e-02
-1.511302888950832590e-01
-1.748647572428458502e-02
7.992572867422097216e-02
2.088905848456423103e-02
6.769901709545837060e-03
-1.179262477147033777e-01
7.731275105641983135e-04
5.846032608784997031e-02
-1.097385134417239476e-03
-1.384179783651992568e-02
1.077874727909384212e-01
-1.055332423139017026e-02
1.315400311788974923e-02
-3.930262069609238851e-02
-3.287926588992119703e-02
-1.643762245653492549e-01
-2.874336028944632013e-02
-3.884826137083277620e-02
-3.986692722662572158e-03
1.755990465030942208e-02
-2.027562236160238562e-01
-1.819561840843729461e-02
4.055311495776592334e-02
8.373066527873925316e-03
-6.005993898129452502e-02
-2.230426326322508257e-01
-1.552418775030186548e-01
-5.889376354491136084e-02
-1.116384367845132952e-01
-1.931924163690470209e-01
2.363222605078748595e-01
-1.292878107463991399e-01
2.045345825199085255e-02
1.715179629114247373e-01
6.372619051696769288e-02
-1.262665279129745743e-01
-1.117900766196357198e-01
-8.375604243374275282e-02
1.298449789138682309e-01
-1.963205893067261273e-02
-3.084972969418514274e-02
-3.149912686459027666e-02
-2.128279051219805762e-01
8.911454164516532939e-02
7.461381417184233256e-02
1.384205645508361782e-01
2.193560103510980297e-02
8.126214506102386048e-02
6.774378124986628336e-02
1.321939951961699500e-01
2.418735923030405910e-01
-1.013637633242523706e-01
5.768402652557121091e-02
1.270171675001374734e-01
-2.345627658375883107e-02
1.627004734511626471e-01
7.947212959198386717e-02
1.980981099644357202e-01
-5.190584788913066294e-02
-5.301188569983943805e-02
-1.363896491475552475e-02
1.524548529623999116e-01
-4.383845034044315386e-02
-1.347402098119240658e-02
-8.369445584325035936e-02
-1.169854580452677900e-01
9.581037173573891952e-03
-1.724897601879181730e-01
-4.329918162366998280e-02
1.406193572959409666e-01
2.153620048808195520e-02
7.703727663612239263e-02
-1.774009778236857252e-02
-4.945060758667708944e-02
1.644523011315395800e-01
1.144565892347115810e-01
-1.703786890998361045e-02
2.570179499667529788e-01
1.832187999341487045e-02
-1.199069171944703582e-01
1.770313228518937132e-01
-9.165050855299701829e-03
6.366453292785258233e-02
6.845870188369478429e-03
5.351282397753752418e-03
-7.107768996252203375e-02
1.204663351711060537e-01
7.548231374466418675e-02
-4.273649682545321848e-02
1.111480891401415427e-01
-8.868808574641494358e-02
5.525543397765362436e-02
1.597820236499682134e-01
1.343915172182245932e-01
-2.784167262716593857e-02
1.312159642062361853e-01
5.157072070999824120e-02
-6.475215952219338933e-02
-1.242664481436697166e-01
-7.161582947953262779e-02
5.777724613891023486e-02
-7.280588970218285216e-02
1.198593340365486370e-01
1.562982303775842796e-01
-4.171478295147703318e-03
3.550873309853754684e-02
-1.402791716777638809e-01
-3.391008175532343738e-02
8.607396711773185327e-02
2.246616304327745395e-01
-1.196499257374241537e-01
-6.779352052132024686e-02
1.910419849407599957e-01
-8.376178794944617867e-02
3.066238450546330402e-02
-7.611097985273047872e-02
-7.019548822788533940e-03
-1.685305859089950564e-01
-2.870598681372821953e-02
2.326374875121375516e-02
-4.146994982381130290e-02
1.611862113636765015e-01
3.702428046171153675e-02
1.225636390049810454e-01
1.195275659354173015e-01
-5.631030069398340610e-02
-4.576824751120341095e-02
-1.537751197603441644e-01
-7.761021897373707179e-02
6.517565873408266708e-02
-5.040584094988195991e-03
-1.824146992158444738e-02
2.038186259547418444e-01
-8.349901819723574981e-02
-6.463835373178807020e-02
-9.832657426376117948e-02
-7.920278749985687483e-02
9.324353723051580223e-02
-9.286411350690377403e-03
-6.231857937657656749e-03
-1.949418572454504226e-04
-5.958472809309903889e-02
-7.488664007792393551e-02
-9.054509927900923627e-02
-1.206816880178953888e-01
-4.982649620441191585e-02
-1.567451267494615330e-01
5.688105744349074983e-02
9.622206061316959658e-02
-6.054332353867086791e-02
-8.366907229337156027e-02
-1.920299578377444166e-02
1.670120503297253256e-01
-1.002516488511600579e-01
-4.160267187498864483e-02
-3.060825736749787918e-02
-8.990201276428666163e-03
7.360711660775465237e-02
1.301628449051296099e-01
7.072061893972284019e-02
7.830759877259679813e-02
-1.082296692053464765e-01
-2.727388397030672262e-02
-5.497413081913275074e-02
4.459754615265626443e-02
-1.195294468185342240e-01
-7.494092400653931674e-02
5.924338874838262076e-02
1.613233277506637142e-02
1.014789652244143525e-01
-1.097829578271344864e-01
1.159789303145112999e-01
9.222299060389759374e-04
-7.663062015015183193e-02
1.237564416681568302e-01
-1.202903180318019988e-01
4.409247305380104009e-02
1.316621873107260143e-01
1.404642599630551159e-02
4.657638681229285538e-02
-1.499362463513235870e-02
1.226506069110054331e-01
-6.088991222732142300e-02
6.049400058367304656e-02
-8.017270399762101152e-02
-2.008521757986913778e-02
7.541457509742313658e-02
-1.328619049152589965e-02
-4.786280558307893368e-03
9.782908296987181257e-03
-1.065387314326873558e-01
-4.383181024222595340e-02
-2.496698839282475435e-02
-1.017590139585194120e-01
1.480731199661539932e-01
1.399622469859054287e-02
-3.383109896904119146e-02
1.386823802458559129e-01
-4.720107366434930785e-02
1.695131161508474371e-01
-2.980884483362555848e-02
4.465353815481564598e-02
2.703395243056513908e-01
1.405961966259356155e-01
8.191260693061315490e-03
-2.735375459857413219e-02
-1.726092776015828237e-02
-1.454096491083506082e-01
-1.267580063006860935e-01
6.175632371600595083e-02
-5.078233959133499065e-02
-8.231476592923497870e-02
4.599038648955691699e-02
-1.156438749063488231e-01
-5.753450013036488786e-02
-1.253616315928145208e-01
-6.244571090913343669e-02
7.760347946672051245e-02
-1.660575018283871190e-02
-3.726783512871581494e-02
-2.197888530165259258e-01
-7.224652701057954554e-03
1.005360379132979320e-01
-3.670064446275205644e-02
-1.778115125252843765e-01
2.439086561408591869e-02
1.286646892240239370e-01
-1.340325706119941951e-01
5.429690772122807568e-02
1.995773485149130166e-01
1.114634216935870559e-01
7.646157694873959021e-02
-9.308622128989108013e-02
7.105094263460967619e-02
-1.431499298452175162e-01
4.811311584987228163e-02
1.048238287274513986e-01
-1.105132297017984294e-01
-7.440674349879568272e-02
9.442888050680764422e-02
-9.255252782368267317e-02
-4.538895881496562285e-02
-9.481028196477249426e-02
1.033229704301364543e-01
1.375516959130823093e-02
-3.252123429678753508e-02
6.096655491554860140e-02
-1.589251629659982346e-01
-1.436370459609981887e-01
-1.782079792830286724e-01
1.308252208689795471e-01
-3.035713001508558162e-02
-1.143006293091544806e-01
-1.074772457549725141e-01
4.100954192470773751e-02
1.105062358862510252e-01
1.807080098283427860e-01
-3.720064539981047386e-02
-1.030310988030490177e-01
5.145775576234014326e-02
-3.187997577353844647e-02
1.399478222261014704e-01
-3.424675456250697581e-02
-4.515766419557182276e-02
4.796344131628301616e-02
9.719481671951979429e-02
2.807306314248996237e-01
8.215012093862161802e-02
-1.962444946315786420e-01
6.333625995255512398e-03
-1.530084932802674436e-01
1.357920227802921764e-01
1.156312458235698309e-01
-2.038894691545206916e-01
-6.740656317999929592e-02
1.430135459876948623e-01
-6.449670597365518565e-02
-9.016218223726864267e-02
8.513317350373067471e-02
2.351652327304755777e-02
6.469723346974706746e-02
4.801569019940555433e-02
-1.847647267178809810e-02
3.662838128940750643e-02
8.481164696640230982e-03
-8.880658825464850595e-03
-1.980395023509695096e-01
3.440578162550190448e-03
1.580225210185412232e-01
7.507289788913956707e-02
9.736225838445111691e-02
-9.309480265463548898e-02
-8.660875069236273482e-02
1.875641076572694306e-03
1.261081910168925305e-02
-2.496251771495711091e-01
3.144052725143608312e-02
-4.376646749237048106e-02
-1.626714940752199412e-01
-7.989680911476160219e-02
-3.394766566530634661e-02
-1.178205261202162069e-01
-3.067670812149855819e-02
1.424859853001247956e-01
2.453234914589565857e-02
-2.113757432267387437e-01
6.185535364748685067e-03
2.598882803121288498e-02
8.792107893975142918e-02
3.572215832900111493e-02
2.009420394865757409e-01
-2.019459041143337741e-01
-2.307621233241603440e-02
-1.199658795272314643e-01
-2.305111678775477457e-02
2.738073538634339110e-03
-1.664559611556321039e-01
2.206716422329015395e-02
7.074573883649350192e-02
9.422619026378059592e-02
1.129716804645390926e-01
-2.279731516185273810e-01
9.581347418918287340e-02
-1.762774178531625602e-01
-8.635422392743358211e-02
1.017425419127034741e-01
-1.279275748724013617e-01
-3.796876924099381028e-03
-4.072090286361988026e-02
1.039333285694069159e-01
3.982126353593679058e-02
4.330465462051925202e-02
-2.565268347848605190e-02
-1.306325796041793164e-01
1.261969056029047520e-01
-6.788236959993550201e-02
1.113789575390857350e-01
1.910057043642427732e-01
-3.436510053471605181e-02
-1.038463525021287581e-01
-9.744762738036623698e-03
-1.383387637135184700e-01
2.232546439838217767e-02
1.223944686088770765e-02
4.708849147512276373e-02
-7.906672088259625959e-04
-3.560826675196783475e-02
-9.801991347160603218e-02
-3.353070002723718829e-02
-3.687670897546461990e-02
-5.426987071201803264e-02
1.024953720752249942e-01
-2.764653519775151641e-02
1.716411719423139920e-03
-8.150023109279865008e-02
1.175259061819315526e-01
2.787883516228457231e-02
-1.040948942440304975e-01
1.185822064794064545e-01
9.659851588423173929e-02
2.547031161592976448e-02
1.532234310471541627e-01
-8.612079749537267237e-02
1.340872404607450219e-01
-4.498305465123703800e-02
-2.481212905395092927e-02
6.321257899699082861e-02
1.001263644848699071e-02
-2.796320949241014320e-02
2.377727005698766216e-01
-9.641664998134594211e-02
-1.978194805153185021e-01
1.854907514499445076e-01
-7.747775077437159263e-02
-3.361156535039349497e-02
2.538564987930377534e-02
1.690721106922728478e-01
-1.901876481663332119e-01
4.355132179393183395e-02
-1.771975881624730971e-03
-3.944091641236823452e-03
3.338835424488302839e-01
-1.264578100526083382e-01
1.740653762838042726e-02
7.420793910983833341e-02
3.953272571591065487e-02
5.978557864012315481e-02
1.271598556443159500e-01
-5.602143198789270168e-02
-1.051122792442237552e-01
-4.950508415260521100e-02
2.289283616506913865e-01
-6.054505876346610166e-02
1.367389383913127643e-01
-1.001724757514210612e-01
1.226455473343597835e-01
1.446722948836715872e-01
6.570726627898093586e-03
4.394854631872479461e-02
-6.072309888559978414e-02
1.471818545927764121e-01
-7.544741515131918319e-02
-8.152649759758696588e-03
9.942097052846377014e-02
-4.744852566392614157e-03
-2.963058923444731457e-02
-3.415143206787481234e-02
1.288441475898177424e-01
-1.489678931509510751e-01
5.938786480848878835e-02
-5.462411647189363562e-02
1.851223455130684148e-01
5.238500420131340235e-02
-2.689435911426812376e-01
1.671888223717019062e-02
-9.563706938181915085e-02
4.100433161135940557e-02
1.310398388721389640e-01
8.569925560563684819e-02
1.041480466234975810e-01
-1.027703108622666922e-01
4.007994952567825453e-02
5.433910482315423840e-02
-1.902273692124192839e-02
-5.920950826691571273e-02
9.328299962936464906e-02
2.663405321541207488e-02
1.603525892177471990e-01
1.468285835928858085e-01
-9.444461035299851759e-02
-1.819269533170579933e-01
-1.133297752097224276e-01
1.314529030616041205e-01
1.147520455419830665e-01
-1.379535253897107017e-01
-5.415047828275742353e-02
2.540638191932889645e-02
1.766208764383159213e-01
-1.357755158907852644e-01
-9.211413950728275513e-02
9.078353606100297846e-02
-5.036248283977091955e-02
1.734193229502088152e-01
-1.964267163146077577e-01
1.256219464141693498e-01
8.779362315865096855e-03
4.813394860266279052e-02
4.527016366137586595e-02
-3.134212004352123632e-03
1.042139233469404312e-02
-1.362871674098939112e-01
2.573034723970935717e-02
-1.833080528133647635e-01
-5.853833524426399482e-02
-1.024185605455264075e-01
-8.890032725489709076e-02
6.820789348761611970e-02
-4.891494523168188335e-02
-7.982170587039637277e-02
-3.263601036588820864e-02
1.812609470089359409e-01
-5.219541359601940350e-02
1.442403961840169405e-02
4.477929221362474121e-02
6.736849197680154500e-02
1.190416937007713997e-02
7.732469652596768439e-02
-1.382381605620925935e-01
2.037045177430005238e-02
1.497420407024003391e-02
2.746217212960841078e-02
-9.669339683055844237e-02
1.749857909539747347e-01
1.004653227253475903e-02
6.753207998238440479e-02
-2.734355410898685682e-02
-1.966321803946272651e-01
4.306951693939130993e-02
-4.718873815395352445e-02
4.938427639161256655e-02
-6.396095268019467983e-02
-5.460498726941582712e-03
-5.868606366818701625e-02
5.232324222924224222e-02
-1.286684880813294962e-01
-1.348435011658302152e-01
-1.290992136185750427e-01
3.713982692835616356e-02
1.179493951352169057e-01
-5.960880436341481348e-02
-1.615888466785922808e-02
1.221780719065879324e-02
2.360401544108294003e-01
2.347104083128360996e-01
-1.211446450404294883e-01
-4.900441660879998468e-03
4.678493229999571013e-02
-1.210699307309482803e-01
-1.876087040514527737e-01
1.571370346584896605e-01
1.564695315259274563e-02
9.274726360801552327e-03
9.348713574811164106e-02
2.163557390165552190e-03
-1.150793558297265040e-01
-2.765122007042414287e-02
1.162535802708873894e-03
-8.247599676858441420e-02
3.725081052329595049e-02
-9.300679516037302363e-02
7.911754670249229737e-02
-1.023485698604673227e-01
-1.243963714083360511e-02
1.610290679313181386e-02
3.649111998513051430e-02
1.310804258808757894e-01
1.049918362225003288e-01
-8.606354159716389507e-02
-9.772447055154326323e-02
3.605832485698357709e-02
-1.003320589964170201e-01
4.344082947287965929e-02
-6.106377178464148653e-02
-1.561980716422788906e-01
-6.129540680501813915e-02
6.374511311287578419e-02
-4.869432166519273991e-02
2.488809943887850817e-01
8.519432193200523681e-03
3.486085562814170147e-02
-3.467596050918771849e-02
8.346612100438548102e-04
2.735845375055256934e-02
-1.864439686250693104e-02
7.941650225473073643e-02
1.496204696119940794e-02
-9.723504866581682282e-03
-4.378283514784939677e-03
-3.113545639514255295e-02
-5.901513012042410022e-02
-9.470133198842899114e-03
1.535193831534968634e-01
-5.937993935836678727e-02
-7.838227011419798829e-02
-1.977518015710123533e-01
1.674329155175301731e-01
-3.443412642755678404e-03
-8.180307420721517897e-02
-5.612790902536814175e-02
-4.810404247187538562e-02
-2.936779000784508001e-02
-1.590682040012561527e-02
1.057598098381782176e-01
-6.765005284273149788e-02
5.169445685537607527e-03
-3.068205186554920014e-03
-5.273731347681113318e-03
-9.489968260662542954e-02
-9.389266249066874348e-02
9.016868318254095405e-02
-1.393217544017306408e-01
1.103809329580066889e-01
1.395315719111609454e-01
-1.630599136817590528e-02
-3.155388655932143960e-02
-4.268899610708642989e-02
1.881188414769699446e-02
6.868431056001152168e-02
-1.106150806016732713e-01
4.292394124073716649e-02
9.082772177450502971e-02
-1.350269115319946769e-02
2.868029858258824283e-01
1.388818013207864920e-03
7.653522833052968377e-02
-7.910167497204561443e-03
-7.119931768338300104e-02
2.681207313073764170e-02
3.950879238199346555e-02
-1.697976419236284784e-01
-1.228127031511805217e-01
4.011969429793314085e-02
1.190448013778238751e-01
4.785841124894624904e-02
8.967621675556634864e-02
-3.539192257735920139e-02
-6.660131370338608081e-02
-9.790165082546817277e-02
-2.974083881802354334e-02
2.684987171365793221e-02
-1.169912610628962846e-01
1.438343042525416782e-01
-1.251135313753539424e-01
1.666245832035652963e-01
-1.076120817515981987e-01
